# k, EdS result, numerical-EdS difference
0.04999999999999999 -120.58474692778276 -50.89314355368651
0.053152247972469556 -119.22645052379735 -51.98414418850157
0.05650322929053792 -121.42198536118465 -43.99088903574618
0.060065473089919545 -127.8141076462905 -39.35281322990406
0.06385229840518206 -125.90399117821318 -41.60005188475395
0.06787786396888719 -123.08449425157646 -35.7848156421495
0.07215722115031702 -102.7379667742745 -28.27028554575942
0.07670637023171951 -63.35802895439423 -25.49341479054109
0.08154232023248832 -2.806122898543951 -24.01602318618828
0.08668315250495483 79.13287962570043 -25.360841391216763
0.09214808833957516 162.81462287024036 -24.20719492927211
0.09795756083228259 238.68279196601955 -23.334482331472817
0.10413329128271519 279.9435269877081 -26.030344390047922
0.11069837040896562 292.85338734385857 -26.512282308210747
0.11767734468251262 272.36008032192416 -23.54891986575237
0.12509630810613367 243.24472417497606 -23.321976035053616
0.13298299977795347 260.74466002282526 -26.55271730893628
0.141366907606413 338.31089916099023 -34.84504778937195
0.15027937856394522 446.13343382670917 -46.029418007091884
0.15975373589158887 543.3427510920452 -57.50222962252234
0.1698254036927629 557.6006228463791 -64.50461156515472
0.1805320393820497 515.6501536068951 -71.99945024452536
0.191913674484207 481.5872793818844 -77.9087798124182
0.20401286430984755 534.8060232788778 -85.38204359489876
0.2168748470674161 623.8997066278608 -107.68928291651906
0.23054771300637436 656.7140570006768 -120.19015308938695
0.24508258422401122 616.2819693655571 -129.13885745181705
0.2605338058081661 592.8640398518745 -136.94046878396793
0.2769591490305376 640.757275759048 -138.4579830502978
0.2944200273503058 662.4227884220105 -125.84391093117473
0.3129817260356946 627.7313578867735 -118.13615914524766
0.33271364626201555 623.0935402564407 -103.94112728227876
0.3536895645988636 640.9649179900692 -99.13647470277634
0.3759879088566719 612.5496344003384 -92.81296660373992
0.39969205132400226 604.4614578553269 -81.4988447104428
0.42489062049196813 597.7084156543654 -73.83907062039486
0.4516778324313111 575.9633915402599 -69.97963624934631
0.48015384306113224 565.1490439739687 -63.82388814719004
0.5104251226263906 542.7179625556114 -60.60678006716546
0.5426048537843223 526.5822338906919 -54.03375213053074
0.5768133547881977 504.1659008597174 -47.94785494238336
0.6131785293506874 482.1606875240946 -42.85972231662521
0.6518363448688389 461.00059674134894 -38.49647017258764
0.6929313407987346 439.6513024436909 -36.27363066556245
0.7366171690806033 415.0819770338293 -31.42935417645676
0.7830571686350156 393.9197321748589 -28.770037066094083
0.8324249760781655 371.8356359077267 -26.139297831264734
0.8849051749396744 350.4990393472026 -22.163182143735643
0.9406939858103026 329.95172567416415 -20.295576291456637
1.0 309.2718723228525 -16.02277616224732
