# k, EdS result, numerical-EdS difference
0.04999999999999999 -122.65424533340607 6.387044855966146
0.053152247972469556 -120.80196233290542 6.788306875502048
0.05650322929053792 -122.60330006625664 7.656903574009394
0.060065473089919545 -125.01411004717505 8.018593443552323
0.06385229840518206 -131.05010933246328 8.493221553068897
0.06787786396888719 -124.00066761153823 9.636308999643685
0.07215722115031702 -105.77750241548726 9.68917591031789
0.07670637023171951 -62.28766305160862 10.017708341253075
0.08154232023248832 -1.8904818608426621 10.20571656465175
0.08668315250495483 76.96939340659891 10.11839793405059
0.09214808833957516 162.81977530606815 10.301562167829067
0.09795756083228259 234.03369927675803 10.178050188067699
0.10413329128271519 281.99910165265754 10.133896863458626
0.11069837040896562 290.8998703251815 10.843550033387093
0.11767734468251262 270.4907716520735 11.100967430879425
0.12509630810613367 241.98406537023922 10.475185957361676
0.13298299977795347 264.86574785335125 11.682754272057457
0.141366907606413 335.5945458312529 11.348003274479703
0.15027937856394522 448.8218756388142 11.04473431488278
0.15975373589158887 540.2822622796152 10.756293522984343
0.1698254036927629 560.0149365551837 10.449521178212365
0.1805320393820497 511.7535751002215 10.830376789520761
0.191913674484207 482.25697795671556 10.906345568044664
0.20401286430984755 532.2035912760891 10.250499085998229
0.2168748470674161 621.1230754964538 10.07388625412712
0.23054771300637436 656.9795109249022 9.891928686618526
0.24508258422401122 608.2084774566474 9.799503089419469
0.2605338058081661 590.9660964514537 9.64953500531955
0.2769591490305376 640.3909902544477 8.98810801842987
0.2944200273503058 660.7823262726379 9.058593332847895
0.3129817260356946 625.2542795381958 8.073129855001708
0.33271364626201555 623.262997955103 8.241933538575639
0.3536895645988636 640.508603627466 7.545541771830325
0.3759879088566719 615.7969081624275 6.8454172959651585
0.39969205132400226 604.9249646560061 6.265214632763769
0.42489062049196813 598.3179227550206 6.291848974120941
0.4516778324313111 576.245995556418 6.001772419783169
0.48015384306113224 565.8361117088448 5.505672957572021
0.5104251226263906 542.8671323592334 5.0723139782573226
0.5426048537843223 524.4936601329349 4.610404159928039
0.5768133547881977 503.0624462769974 4.542673299662805
0.6131785293506874 481.4229757129103 4.358742894856883
0.6518363448688389 462.276592628987 4.0891301991340265
0.6929313407987346 438.0217034612212 4.017395495279441
0.7366171690806033 416.1253856895224 3.7569112542510052
0.7830571686350156 393.13450968864475 3.3665288212387114
0.8324249760781655 372.7094003977192 3.26423985665123
0.8849051749396744 351.96380000282466 2.888243394650768
0.9406939858103026 331.3721904991141 2.7754486859026772
1.0 307.6474930925221 2.599013213430077
