# k, EdS result, numerical-EdS difference
0.04999999999999999 -121.57335756443936 -15.149074660737751
0.053152247972469556 -119.83797799237465 -13.792400525054573
0.05650322929053792 -123.16940049135177 -13.142248423133895
0.060065473089919545 -126.17078207326502 -12.494264193704838
0.06385229840518206 -129.47955285400278 -10.382635830291475
0.06787786396888719 -122.38079835707657 -12.8169769372968
0.07215722115031702 -104.72591570884593 -10.97101039446778
0.07670637023171951 -62.43656185908337 -7.829528330996543
0.08154232023248832 -3.9350361905338143 -8.06730659463565
0.08668315250495483 79.58147468964452 -9.058067023106313
0.09214808833957516 162.74599747813292 -7.813467446686916
0.09795756083228259 237.04765647205636 -6.745510625286802
0.10413329128271519 281.9607235570315 -8.867170334805717
0.11069837040896562 290.3380964096666 -9.124109549518726
0.11767734468251262 268.0634482170701 -9.315618437942383
0.12509630810613367 243.04926468591847 -8.970017799737088
0.13298299977795347 262.3709988059791 -10.247693979703472
0.141366907606413 336.2097846770649 -13.877013670061146
0.15027937856394522 449.88781302478486 -16.021875806510433
0.15975373589158887 540.9329997924522 -18.735658539026673
0.1698254036927629 561.1473181195938 -21.226402901936236
0.1805320393820497 514.4997502893037 -26.375720104782964
0.191913674484207 481.28622588579407 -26.34019914506443
0.20401286430984755 529.1729934968569 -29.943205763393916
0.2168748470674161 625.5461926869726 -35.46813134704968
0.23054771300637436 653.3045823853355 -39.95326117773059
0.24508258422401122 611.0085059520305 -38.92342739711635
0.2605338058081661 593.122296357009 -44.215144402379075
0.2769591490305376 639.0174974324857 -45.91765735451999
0.2944200273503058 660.7711919617601 -38.27756855507343
0.3129817260356946 628.4629333121843 -36.79697010059581
0.33271364626201555 625.6476433654811 -33.89950936590287
0.3536895645988636 638.217022294832 -32.14402128102647
0.3759879088566719 613.3831177027615 -28.008006494301686
0.39969205132400226 603.0397953310379 -27.32203485252041
0.42489062049196813 599.1718652811827 -23.16094903621561
0.4516778324313111 574.4761469163656 -22.403938195179975
0.48015384306113224 566.9160710598072 -21.616386671041912
0.5104251226263906 542.99957329476 -18.966954463484374
0.5426048537843223 524.5404397584705 -17.568580700070747
0.5768133547881977 502.96377164438854 -16.199365657343385
0.6131785293506874 482.51843024706653 -14.567500218324462
0.6518363448688389 461.56136299942955 -13.234891624378987
0.6929313407987346 439.6667835633403 -11.60137683554932
0.7366171690806033 415.4360034698433 -10.303715671477557
0.7830571686350156 393.1115104566532 -9.35218783230639
0.8324249760781655 372.95462364013133 -8.552971201798824
0.8849051749396744 351.4824487280197 -7.703979239110482
0.9406939858103026 329.2685685896881 -6.6496828489426605
1.0 308.7466707281085 -5.604301804171781
