# k, EdS result, numerical-EdS difference
0.04999999999999999 -122.85715708197418 -44.30407192359345
0.053152247972469556 -120.09649788542943 -46.876232749977795
0.05650322929053792 -123.15930771932375 -40.376401978072714
0.060065473089919545 -127.47130662032427 -37.932518076229364
0.06385229840518206 -127.78015889411898 -36.107989265034206
0.06787786396888719 -124.51467674613245 -35.32437399163852
0.07215722115031702 -104.6905314260504 -31.878761619616096
0.07670637023171951 -63.43228518082141 -29.08586368056973
0.08154232023248832 -2.4099343524706867 -25.908388153338144
0.08668315250495483 79.15638142974456 -23.36953897155741
0.09214808833957516 160.09289108271392 -20.0884757402017
0.09795756083228259 237.25740944212237 -17.649478751705576
0.10413329128271519 283.7858326917261 -17.869599053354854
0.11069837040896562 290.0183407773471 -15.762886193847914
0.11767734468251262 269.29118427490687 -14.284529363884092
0.12509630810613367 244.6652268898792 -14.981429572864156
0.13298299977795347 266.11032571899887 -13.79435476824139
0.141366907606413 339.89721313190427 -11.936281703449556
0.15027937856394522 449.26737466596387 -12.240955283191393
0.15975373589158887 541.8389803316815 -11.741885253577319
0.1698254036927629 557.7031838602172 -12.376080850338838
0.1805320393820497 516.4816423003501 -11.27331374343597
0.191913674484207 480.52176653584957 -10.808241771610058
0.20401286430984755 533.8060536750767 -11.95210071651212
0.2168748470674161 620.8939992205308 -13.305346746896676
0.23054771300637436 657.5412569608812 -12.825867474297667
0.24508258422401122 609.684050343291 -13.341595300768393
0.2605338058081661 593.5829465931947 -14.378278148306203
0.2769591490305376 643.130870918451 -16.32903986197664
0.2944200273503058 661.163722008111 -18.535622000916966
0.3129817260356946 629.3926708431833 -19.47448422952263
0.33271364626201555 624.68488075043 -20.524220294823404
0.3536895645988636 639.7538005820167 -21.47605599865919
0.3759879088566719 614.082040764795 -23.610881278074977
0.39969205132400226 605.697187941823 -26.702883658139307
0.42489062049196813 600.2714804630899 -28.682616446936773
0.4516778324313111 579.0633990801377 -29.577085368559256
0.48015384306113224 566.2508250556127 -32.66299135363165
0.5104251226263906 543.9135611486388 -33.187194637228274
0.5426048537843223 524.159088666846 -34.12490445051779
0.5768133547881977 501.98239323042645 -32.89065830748541
0.6131785293506874 482.68705289693304 -29.975803395748006
0.6518363448688389 460.94261053020193 -26.28334460074802
0.6929313407987346 438.8124528831882 -22.155058554990752
0.7366171690806033 415.912730973155 -18.86384098110256
0.7830571686350156 392.67823224148503 -17.35652110182016
0.8324249760781655 373.07818056926646 -16.34881586329953
0.8849051749396744 351.6801507115295 -14.339488895991432
0.9406939858103026 330.42055669519664 -12.817560070679631
1.0 308.05598714709026 -11.326492468805203
