# k, dd22, dd22_EdS, dd13, dd13_EdS, dT22, dT22_EdS, dT13,dT13_EdS, PL 
0.05 33.091 33.207 -29.382 -32.899 27.729 28.236 -39.404 -47.395 2538.1
0.054132 36.797 36.946 -34.396 -36.348 30.976 31.578 -45.197 -51.362 2348.5
0.058605 40.784 40.936 -37.332 -40.196 34.454 35.158 -49.268 -55.869 2193.3
0.063448 45.213 45.424 -40.572 -44.743 38.298 39.186 -52.446 -61.134 2050.4
0.068691 49.956 50.232 -46.024 -49.378 42.436 43.514 -58.582 -66.313 1897
0.074368 55.119 55.325 -48.813 -53.004 46.901 48.126 -59.801 -70.051 1716.3
0.080513 60.163 60.483 -52.434 -55.034 51.328 52.798 -62.885 -71.669 1503.6
0.087166 64.985 65.318 -54.065 -55.585 55.585 57.259 -62.821 -71.266 1276.7
0.09437 69.37 69.672 -56.465 -55.208 59.517 61.403 -65.484 -69.741 1068.9
0.10217 73.067 73.473 -53.85 -55.833 62.919 65.101 -62.634 -69.531 908.35
0.11061 76.542 76.975 -59.958 -58.851 66.13 68.513 -67.382 -72.296 807.09
0.11975 80.166 80.614 -61.573 -64.628 69.48 72.098 -69.533 -78.32 746.25
0.12965 84.236 84.658 -69.046 -70.568 73.139 76.013 -78.076 -84.467 686.97
0.14036 88.351 88.765 -70.463 -72.967 76.85 79.996 -77.311 -86.21 598.21
0.15196 91.607 91.928 -69.693 -70.737 79.832 83.16 -75.479 -82.751 491.16
0.16452 93.745 94.222 -68.793 -69.648 81.907 85.589 -73.72 -80.503 406.92
0.17811 95.659 96.175 -74.036 -73.169 83.748 87.745 -78.928 -83.763 361.28
0.19283 98.028 98.459 -79.529 -78.876 86.065 90.166 -84.232 -89.391 328.99
0.20877 100.13 100.58 -80.194 -79.245 88.055 92.435 -84.759 -89.007 279.09
0.22602 101.19 101.69 -77.07 -76.858 89.165 93.794 -80.708 -85.568 228.93
0.2447 101.86 102.26 -78.709 -79.282 89.955 94.713 -82.049 -87.559 199.77
0.26492 102.77 102.97 -82.237 -82.368 90.926 95.692 -84.624 -90.261 175.2
0.28681 103 103.4 -80.729 -80.379 91.32 96.404 -81.735 -87.475 145.08
0.31051 102.77 103.09 -81.193 -81.297 91.321 96.444 -81.762 -87.886 124.36
0.33617 102.54 102.88 -81.798 -82.392 91.313 96.547 -81.737 -88.486 106.57
0.36395 101.83 102.2 -81.722 -81.275 90.875 96.235 -81.463 -86.807 89.22
0.39402 101 101.25 -81.303 -81.99 90.327 95.648 -81.255 -87.084 76.265
0.42658 99.756 99.971 -81.336 -81.035 89.411 94.714 -80.187 -85.652 63.992
0.46184 98.453 98.619 -80.562 -81.013 88.397 93.721 -79.094 -85.22 54.221
0.5 96.806 97.009 -80.462 -80.035 87.161 92.452 -78.571 -83.828 45.515
