# k, EdS result, numerical-EdS difference
0.04999999999999999 -0.7053624953737437 -0.3629402754123314
0.053152247972469556 -0.761057943969522 -0.3492950495124999
0.05650322929053792 -0.8245909594983096 -0.32487425552997523
0.060065473089919545 -0.8945437122777998 -0.3122215478110637
0.06385229840518206 -0.968680315189878 -0.2900131978014796
0.06787786396888719 -1.0394921005601425 -0.29119965109316437
0.07215722115031702 -1.1009890508951594 -0.26260244861275484
0.07670637023171951 -1.1460323663376768 -0.24221237773949406
0.08154232023248832 -1.1718080696916904 -0.2056962303269257
0.08668315250495483 -1.1794947038625432 -0.18803923335450906
0.09214808833957516 -1.1764972393540538 -0.16361577284820747
0.09795756083228259 -1.1840278598856493 -0.14607549153759558
0.10413329128271519 -1.2140512263142627 -0.11946539904661274
0.11069837040896562 -1.2767133379418856 -0.10596261002960092
0.11767734468251262 -1.3670482099630745 -0.1016880833517854
0.12509630810613367 -1.46133900540665 -0.09830572410829679
0.13298299977795347 -1.5232574191539239 -0.08213849187330198
0.141366907606413 -1.5293655221646663 -0.0760775450330242
0.15027937856394522 -1.4962621962370912 -0.06425639540891259
0.15975373589158887 -1.4724119531828468 -0.05065053721266419
0.1698254036927629 -1.5010924160761907 -0.04615108856033641
0.1805320393820497 -1.5865016562505208 -0.03391018290230802
0.191913674484207 -1.6579044367306357 -0.030088201338827354
0.20401286430984755 -1.6580607385242025 -0.02460208810065565
0.2168748470674161 -1.617407647575263 -0.01386957694965513
0.23054771300637436 -1.6134238088822093 -0.014072639779395426
0.24508258422401122 -1.6677530468674815 -0.0080267462685741
0.2605338058081661 -1.701811430381341 -0.003078165976613491
0.2769591490305376 -1.676195592266242 -0.0002166237023293579
0.2944200273503058 -1.6634872936499139 0.003888845975567408
0.3129817260356946 -1.6899315861310151 0.004680602557640445
0.33271364626201555 -1.6896015703914296 0.007506450668945757
0.3536895645988636 -1.6694769051000142 0.010822064411166146
0.3759879088566719 -1.6767629839995766 0.013448339301212885
0.39969205132400226 -1.6695277708388656 0.015129788415097161
0.42489062049196813 -1.6548882519022152 0.016177175870917875
0.4516778324313111 -1.6496838778144651 0.015186698870742487
0.48015384306113224 -1.6319181395384177 0.01839901402702883
0.5104251226263906 -1.6193716521731616 0.01892921395843836
0.5426048537843223 -1.6019843819093902 0.01900386604943414
0.5768133547881977 -1.585697404033376 0.020418288566481868
0.6131785293506874 -1.5649510764339152 0.020684963849810504
0.6518363448688389 -1.5450433338977092 0.020806320393390757
0.6929313407987346 -1.5226504499571543 0.02155541714689112
0.7366171690806033 -1.500733426468377 0.021455829978993066
0.7830571686350156 -1.4774476352753947 0.021382217806936415
0.8324249760781655 -1.4513063410227323 0.021579063136798714
0.8849051749396744 -1.4263584434713978 0.021671634871938475
0.9406939858103026 -1.3992168057443573 0.020724376269619312
1.0 -1.3726868001246162 0.021357154606699343
