# k, dd22, dd22_EdS, dd13, dd13_EdS, dT22, dT22_EdS, dT13,dT13_EdS, PL 
0.05 33.112 33.243 -32.131 -32.961 27.739 28.238 -44.594 -47.435 2538.1
0.054132 36.801 36.921 -34.693 -36.376 30.969 31.564 -47.237 -51.4 2348.5
0.058605 40.821 40.937 -40.159 -40.408 34.48 35.187 -52.539 -56.14 2193.3
0.063448 45.213 45.395 -42.972 -44.76 38.301 39.174 -56.562 -61.165 2050.4
0.068691 50.001 50.19 -49.697 -49.283 42.459 43.478 -63.318 -66.157 1897
0.074368 55.037 55.238 -52.073 -53.035 46.848 48.069 -65.524 -70.138 1716.3
0.080513 60.208 60.468 -55.603 -55.007 51.354 52.798 -67.887 -71.617 1503.6
0.087166 65.05 65.483 -56.189 -55.677 55.641 57.413 -67.677 -71.365 1276.7
0.09437 69.35 69.751 -55.267 -55.359 59.516 61.469 -66.265 -69.862 1068.9
0.10217 73.11 73.393 -56.083 -55.714 62.942 65.023 -65.225 -69.379 908.35
0.11061 76.536 76.906 -58.446 -58.97 66.132 68.48 -67.69 -72.386 807.09
0.11975 80.21 80.682 -65.107 -64.593 69.505 72.186 -74.496 -78.308 746.25
0.12965 84.238 84.727 -71.265 -70.459 73.157 76.089 -80.953 -84.316 686.97
0.14036 88.338 88.709 -71.822 -72.75 76.823 79.969 -80.674 -86.042 598.21
0.15196 91.572 92.154 -71.916 -70.924 79.785 83.363 -79.158 -82.911 491.16
0.16452 93.768 94.198 -69.623 -69.646 81.903 85.533 -76.779 -80.541 406.92
0.17811 95.674 96.134 -71.355 -73.107 83.785 87.707 -77.443 -83.679 361.28
0.19283 98.037 98.548 -78.665 -78.811 86.04 90.253 -83.767 -89.332 328.99
0.20877 100.13 100.57 -78.383 -79.172 88.032 92.416 -82.672 -88.921 279.09
0.22602 101.16 101.63 -76.989 -76.773 89.114 93.737 -80.887 -85.5 228.93
0.2447 101.86 102.19 -78.857 -79.407 89.942 94.645 -81.786 -87.701 199.77
0.26492 102.78 103.14 -81.61 -82.2 90.952 95.842 -84.688 -90.101 175.2
0.28681 103.01 103.33 -79.556 -80.473 91.317 96.364 -82.014 -87.551 145.08
0.31051 102.8 103.06 -81.891 -81.416 91.348 96.439 -83.24 -88.014 124.36
0.33617 102.6 102.88 -81.821 -82.374 91.357 96.564 -82.669 -88.481 106.57
0.36395 101.82 102.11 -81.413 -81.314 90.862 96.184 -81.684 -86.823 89.22
0.39402 100.98 101.21 -82.136 -81.911 90.296 95.61 -82.28 -87.011 76.265
0.42658 99.792 99.831 -81.236 -81.043 89.414 94.613 -80.637 -85.643 63.992
0.46184 98.452 98.611 -80.965 -80.958 88.4 93.714 -80.024 -85.163 54.221
0.5 96.86 97.008 -80.583 -80.05 87.158 92.459 -79.418 -83.832 45.515
