# k, fullhot-EdS, EdS result
0.04999999999999999 7.780363470353739 -114.66350429109274
0.053152247972469556 8.2700272167274 -130.30227197284847
0.05650322929053792 8.887637066473465 -113.3012404773322
0.060065473089919545 9.334109261929134 -128.1726234140336
0.06385229840518206 9.829304176315654 -131.6823209206461
0.06787786396888719 10.505214744438728 -132.88807347590514
0.07215722115031702 10.913004198807185 -106.54306427610173
0.07670637023171951 11.14745363462413 -65.09644924236184
0.08154232023248832 11.400390348155007 -2.4867923431347214
0.08668315250495483 11.269352048670202 66.00812335937567
0.09214808833957516 11.101604261317803 168.76321361550185
0.09795756083228259 10.967133371586149 238.78491646805608
0.10413329128271519 11.138917878733523 301.43205461419404
0.11069837040896562 11.375924385405273 294.57586281938967
0.11767734468251262 11.624490383802254 275.8809658083146
0.12509630810613367 12.01984727853722 233.82468076479955
0.13298299977795347 12.06842808781323 276.8268271052254
0.141366907606413 11.956387872109223 338.73863383585285
0.15027937856394522 11.560198468728439 444.31791400530386
0.15975373589158887 11.123768631400921 549.4498166991027
0.1698254036927629 10.976192814985856 554.7309950615434
0.1805320393820497 11.02841111166652 512.0186845963391
0.191913674484207 10.930917223642917 478.431558471423
0.20401286430984755 10.674653969650487 518.6718804725334
0.2168748470674161 10.230292573040117 606.6586813579835
0.23054771300637436 9.872460427431134 663.4653610153955
0.24508258422401122 9.658788637945998 600.6663609180785
0.2605338058081661 9.498472147806005 580.2914990462708
0.2769591490305376 9.042510151736993 644.392734798444
0.2944200273503058 8.673030583582394 663.9423954263925
0.3129817260356946 8.352681020606177 620.6448925722813
0.33271364626201555 7.98574813866214 616.2306881968153
0.3536895645988636 7.593097539985445 640.024995851754
0.3759879088566719 7.2624033687870035 609.9017002196344
0.39969205132400226 6.846220993179741 605.572791015389
0.42489062049196813 6.461889033090352 591.3416188898049
0.4516778324313111 6.144995052542106 569.3107033314823
0.48015384306113224 5.828534019307602 565.7992992390439
0.5104251226263906 5.431765838330053 538.838023710727
0.5426048537843223 5.085561353719818 520.1844642668071
0.5768133547881977 4.788628937841198 505.8318342191816
0.6131785293506874 4.490738715284378 477.80159167539387
0.6518363448688389 4.205107525111992 467.34536877291333
0.6929313407987346 3.888263965578681 439.6723363235126
0.7366171690806033 3.6433529634393462 412.9390905431544
0.7830571686350156 3.378295059482705 390.03826978904044
0.8324249760781655 3.118827455206894 367.9221829509084
0.8849051749396744 2.8934788185357223 347.45092206785534
0.9406939858103026 2.68618612439508 333.2233164375874
1.0 2.471657349996018 308.2063704547388
