4.999999999999998890e-02 -2.948415181255804995e+01
5.315224797246955596e-02 -2.870388417903732758e+01
5.650322929053792215e-02 -2.793071864532347703e+01
6.006547308991954520e-02 -2.709710217635567986e+01
6.385229840518205635e-02 -2.649498781532376057e+01
6.787786396888718932e-02 -2.601920810940998052e+01
7.215722115031701633e-02 -2.551808509238395928e+01
7.670637023171951452e-02 -2.416301412420139982e+01
8.154232023248832173e-02 -2.298765019795251163e+01
8.668315250495482738e-02 -2.211030722232011669e+01
9.214808833957516265e-02 -2.074925366717328501e+01
9.795756083228258915e-02 -1.995277316939996837e+01
1.041332912827151874e-01 -1.853759130927791077e+01
1.106983704089656156e-01 -1.746747862817148089e+01
1.176773446825126190e-01 -1.755872880295524041e+01
1.250963081061336746e-01 -1.671181282611219387e+01
1.329829997779534700e-01 -1.626036336168720808e+01
1.413669076064129893e-01 -1.591027196805705302e+01
1.502793785639452151e-01 -1.488096357261886205e+01
1.597537358915888661e-01 -1.333794803468342494e+01
1.698254036927628885e-01 -1.275866765543650772e+01
1.805320393820497027e-01 -1.173898105580869178e+01
1.919136744842069864e-01 -1.104098612016032988e+01
2.040128643098475525e-01 -9.978596443657290038e+00
2.168748470674161100e-01 -8.988475420227118207e+00
2.305477130063743607e-01 -7.853816967871612320e+00
2.450825842240112185e-01 -7.200843244143762867e+00
2.605338058081660968e-01 -6.419406428349761384e+00
2.769591490305375880e-01 -5.555895668875915128e+00
2.944200273503058130e-01 -4.638109526864180765e+00
3.129817260356945741e-01 -3.857012481619487065e+00
3.327136462620155499e-01 -3.206249206223747095e+00
3.536895645988635817e-01 -2.651785280486032459e+00
3.759879088566718819e-01 -2.038739552513836983e+00
3.996920513240022621e-01 -1.487906275159939895e+00
4.248906204919681295e-01 -1.107441323491481722e+00
4.516778324313110993e-01 -6.268800746969536153e-01
4.801538430611322350e-01 -3.305192433956793407e-01
5.104251226263906149e-01 8.305801014527011347e-03
5.426048537843223274e-01 1.984595869120767408e-01
5.768133547881977297e-01 4.494755706839954623e-01
6.131785293506873957e-01 6.653751322314237493e-01
6.518363448688389017e-01 8.007755610192325291e-01
6.929313407987346407e-01 9.275608183463084355e-01
7.366171690806032624e-01 1.027214853889848012e+00
7.830571686350156213e-01 1.058644734578863877e+00
8.324249760781654572e-01 1.108477739519687644e+00
8.849051749396743549e-01 1.135088619151541467e+00
9.406939858103026131e-01 1.105780495916466988e+00
1.000000000000000000e+00 1.101362432327601892e+00
